   2.0506263e+00   2.2079613e+00
  -1.2982344e+00  -2.0812039e+00
   3.9026763e+00   1.3156478e+00
  -8.8129082e-02  -2.8364933e+00
   2.6358070e+00   2.2511937e+00
   8.4407829e-01   5.1466164e-01
   6.2587412e+00   2.1334951e+00
   1.9923122e-02  -2.2413927e+00
   2.5132504e+00   1.5470539e+00
  -2.2876740e+00  -4.5231003e-01
  -2.1137858e+00  -1.9305043e+00
   5.8976087e-01   3.8587818e+00
  -2.8283776e+00  -3.2169504e+00
   2.0934775e+00   1.8315725e+00
   5.9207497e+00   7.1711103e-01
  -2.7106714e+00  -4.9844650e-01
   2.4037301e+00   3.0668137e+00
  -1.6310685e+00  -3.6528007e+00
  -2.7812490e+00  -2.1318516e+00
   6.0337486e+00   2.6019784e+00
  -3.1026587e+00  -3.6581840e+00
  -1.1762252e+00  -2.5685904e+00
  -1.0214896e+00  -1.8871361e+00
   4.8915905e+00   1.5344151e+00
   2.1294671e+00   2.6826359e+00
  -1.5034458e+00  -3.4549906e+00
   2.1196983e+00   2.2017280e+00
  -5.5736193e-01  -3.2670869e+00
   4.4943818e+00   2.5897761e+00
  -1.7742981e+00  -1.3032571e+00
   5.2294354e+00  -1.0121901e-01
   2.3634285e+00   1.9942109e+00
  -1.4408777e+00  -2.4024574e+00
   2.9942224e+00   3.6092914e+00
   4.7579178e+00   2.4611036e+00
  -1.3208445e+00  -1.5505151e+00
   5.6352670e+00   1.7424987e+00
   1.9669894e+00  -2.1324191e-01
   7.4936884e-01   2.1261464e+00
  -4.0689872e-01  -2.6018597e+00
   1.6994245e+00   2.3015041e+00
   2.8071561e+00   1.7925546e+00
  -3.2480337e+00  -2.5253934e+00
   4.7188004e+00   5.6108713e-01
   3.4160778e+00   1.6293440e-01
  -1.4959285e+00  -2.7985112e+00
   2.4736596e+00   2.5464439e+00
   3.9918056e+00   2.1223535e+00
  -1.7695343e+00  -2.7924961e+00
   4.4898088e+00   1.8924595e+00
   4.4345731e+00   1.8257283e+00
   3.1244615e+00   3.8567427e+00
   1.0581827e+00   2.9588459e+00
  -2.7048705e+00  -1.7155004e+00
   2.1511483e+00   2.1739172e+00
  -2.3259038e+00  -1.3576136e+00
   1.5198074e+00   2.5861401e+00
  -1.6306381e+00  -2.4827801e+00
   1.6474345e+00   2.0038477e+00
   1.1924981e+00   3.7111499e+00
  -3.0561959e+00  -2.1838464e+00
  -4.2972367e+00  -1.5514561e+00
   6.8508051e+00   1.8949350e+00
   6.4468585e+00   1.9022216e+00
   5.7320895e+00   2.7557039e+00
   5.2016971e+00   2.8004708e+00
   5.9844620e+00   1.3982638e+00
   5.4493995e+00   1.6378411e+00
  -1.0878125e+00  -1.0725241e+00
  -1.8321113e+00  -2.4417606e+00
   2.5652046e+00   6.6946461e-01
  -1.8245636e+00  -1.8898774e+00
   5.2196793e+00   1.8947855e+00
   2.2654142e+00   2.2394370e+00
   3.8891636e+00   1.0612502e+00
   2.7734292e+00   6.4544544e-01
   2.7403754e+00   7.4845986e-01
   2.4618008e+00   6.8558120e-01
   1.6180603e+00   6.2429791e-01
  -6.9456892e-01  -2.0694602e+00
   2.3071277e+00   4.9906003e+00
   4.2416101e+00   1.7756783e+00
  -3.6131004e+00  -8.5534202e-01
  -1.7119580e+00  -3.5318395e+00
   1.1158693e+00   1.0669756e+00
  -3.8732347e+00  -5.1340687e-01
  -8.1698099e-01  -3.1187674e+00
   6.1125173e+00   2.6164502e+00
  -2.8326620e+00  -1.2336616e+00
   4.9544563e+00   2.9523704e+00
   5.6104187e+00   2.9348534e+00
   1.9795440e+00   8.3922759e-01
   2.7642036e+00   3.7373461e+00
  -7.9943417e-04  -2.2582433e+00
   2.5215363e+00   3.0690249e+00
   1.5510026e+00   2.8496880e+00
   2.8926177e+00   2.0414720e+00
  -6.7750669e-01  -1.5887387e+00
   3.0493979e+00   1.1600826e+00
  -2.4556870e+00  -2.1717103e+00
  -1.4162834e+00  -2.2754009e+00
  -2.0354338e+00  -2.6091993e+00
   1.2531622e+00   1.4366197e+00
   1.4967863e+00   1.6075225e+00
  -2.5523125e+00  -5.9968947e-01
   4.8369748e+00   4.4579948e+00
   5.6473485e-01   5.1364193e+00
   5.2399955e-01   1.5802164e+00
  -3.1622658e+00  -1.2816631e+00
  -2.0296326e+00  -3.4334457e+00
   4.5211379e+00   2.2022537e+00
  -3.8408094e+00  -8.0834276e-02
   1.5527749e+00   3.0811043e+00
   2.3661600e+00   2.6090401e+00
  -2.3864324e+00  -2.6790219e+00
  -1.8188271e+00  -3.0521028e+00
   2.3791860e+00  -3.4974791e-01
  -3.6787449e+00  -2.4231815e+00
   5.3955991e+00   2.2613832e+00
  -1.9219147e+00  -1.5447352e+00
  -2.0437148e+00  -3.5767048e+00
   2.5001843e+00   4.0733788e+00
  -2.0153568e+00  -1.3200652e+00
  -2.8574227e-01  -2.8324014e+00
   2.2160262e+00   2.1712740e+00
  -1.7415044e+00  -1.5733237e+00
   2.0507158e+00   2.9555125e+00
  -3.1267217e-02  -1.0167306e-01
  -1.2621164e+00  -2.1174205e+00
  -8.4809245e-02  -2.7802051e+00
  -1.7697365e+00  -1.5302884e+00
   1.8848737e+00   6.9227722e-01
  -1.7417609e+00  -1.8922420e+00
   1.4121990e+00   1.1374789e+00
  -1.6892988e+00  -2.8609584e+00
   4.5513188e+00   1.9559445e+00
  -3.3028127e+00  -1.7641492e+00
  -4.4550538e+00  -2.7116611e+00
  -3.7138972e+00  -8.1972761e-01
  -8.8724046e-01  -1.8990357e+00
   5.8782011e+00   2.6001402e+00
  -2.3115416e+00  -1.6319697e+00
   6.1356874e+00   2.2410892e+00
   1.5039553e+00   2.9724327e+00
   1.1262512e+00   1.1465272e+00
  -2.6837982e+00  -5.4518123e-01
   1.3233113e+00   3.4575774e+00
   1.5304543e+00   1.8857457e+00
   4.6679489e+00   1.4816381e+00
  -3.2772728e+00  -7.6692201e-01
   1.7331411e+00   2.7262870e+00
   2.4542637e+00   1.7271116e+00
  -2.9069323e+00  -2.3102850e+00
  -1.7399319e-01   2.3640638e+00
   2.2912700e+00   1.7864949e+00
  -1.4326823e+00  -1.7127227e+00
   2.0076635e+00   2.1120357e+00
  -2.8960929e+00  -1.8137257e+00
   5.2420879e+00   2.6177428e+00
   2.2933829e+00   2.2308727e+00
  -2.0644934e+00  -2.4366261e+00
  -1.4523538e+00  -1.3060168e+00
   1.3898736e+00   3.7926587e+00
   6.1135472e+00   2.1419952e+00
   2.9983460e+00   5.0561496e+00
   1.5325425e+00   1.7571856e+00
   3.6707075e+00   1.7754335e+00
  -5.5980989e-01  -6.6749111e-01
  -2.4486637e+00  -2.5697912e+00
  -1.8985120e+00  -1.8888738e+00
  -6.6679328e-02  -2.5049994e+00
   4.3590728e+00   1.9919203e+00
   9.6787254e-01   1.5426800e+00
  -1.0393895e+00  -1.2200039e+00
   1.9069449e+00   2.5854220e+00
  -1.7875435e+00  -1.7435922e+00
   7.4598025e+00   9.8412850e-01
   7.4185379e-01   9.6832621e-01
  -2.7810734e+00  -8.4288761e-01
   1.8110747e+00   1.6160363e+00
   5.2638976e-01   2.2922629e+00
   4.4720419e+00   1.5995253e+00
   8.1640259e-01   1.9163866e+00
   4.9930173e+00   2.6823401e+00
   3.3367833e+00   1.3069116e+00
  -1.5447510e+00  -1.8108111e-01
   2.9273631e+00   1.8111412e+00
  -9.8154419e-01  -7.0947076e-01
  -8.2102791e-01  -2.8305047e+00
   5.0545638e+00   2.1859741e+00
   2.5522219e+00   2.3672022e+00
   2.8248660e+00   2.8173759e+00
   1.2928319e+00   1.0438367e+00
   3.9903176e+00   1.3726257e+00
  -1.3542832e+00  -2.0465293e+00
  -9.8062633e-02   1.2500558e+00
  -2.3221580e+00  -2.4907349e+00
  -3.0096927e+00  -2.0160742e+00
   2.0738950e+00   2.0643229e+00
  -3.4497603e+00  -2.5941917e+00
   5.6192406e+00   2.1472639e+00
   1.4313876e+00   1.3631878e+00
  -1.3943341e+00  -3.0428413e+00
  -2.5533237e+00  -2.0748115e+00
   3.7978406e+00   3.8907115e+00
  -1.9996252e+00  -2.0323376e+00
   4.1025380e+00   1.9063923e+00
   1.1859378e+00   3.1395643e+00
   5.9306163e+00   5.6355400e-01
  -3.6674772e+00  -1.6201253e+00
  -1.9327219e+00  -8.0417210e-01
   1.3544063e+00   1.2486905e+00
   2.6474821e+00   1.7715765e+00
  -2.2703544e+00  -1.9179571e+00
  -7.7451866e-01  -2.3245042e+00
   2.9639581e+00   2.7606705e+00
  -2.2635043e+00  -3.6342947e+00
   5.4031455e+00   1.7527650e+00
  -2.1811245e+00  -3.7073793e+00
  -3.1331274e+00  -1.1439379e+00
  -1.9411100e+00  -3.8469169e+00
  -3.5763277e+00  -2.5949514e+00
   7.5640968e-01   3.1462677e+00
  -1.4224590e+00  -1.2815248e+00
   2.3629006e+00   2.8348318e+00
  -1.9988961e+00  -2.2560958e+00
   5.1053344e+00   2.7818841e+00
  -3.8622354e+00  -2.9173759e+00
   1.7029045e+00   1.2942701e-01
   5.5577651e+00   1.9547713e+00
   5.8544871e+00   8.1610583e-01
  -2.9331701e-02   9.6251802e-01
   2.6950005e+00   1.1460083e+00
  -2.2309556e+00  -1.8007526e+00
  -1.3999750e+00  -6.9503035e-01
  -2.9618081e-01  -1.7620369e+00
  -2.8973378e+00  -2.3763885e+00
   1.4203135e+00   1.9089542e+00
   6.6402771e+00   9.1255791e-01
   4.1207692e+00   1.4472010e+00
   1.4303282e+00   7.5415825e-01
   6.7480873e+00   1.9246477e+00
   4.4843930e+00   2.8289673e+00
   2.2272728e+00   3.0541267e+00
  -1.4229352e+00  -1.4778886e+00
  -2.9161508e+00  -3.7174954e+00
   1.1310115e+00   2.3288072e+00
  -1.7753597e+00  -2.2991293e+00
  -3.6631282e+00  -2.6084700e+00
  -1.8667827e+00  -1.2842754e+00
  -1.5215064e+00  -1.3005846e+00
   9.1526663e-01   1.6148078e+00
   6.0159648e+00   1.6004946e+00
  -3.0294636e+00  -3.4335802e-02
  -3.0764588e-01  -1.2858537e+00
   5.0669005e+00   1.9306649e+00
   2.6260876e+00   2.5343885e+00
  -2.1561491e+00  -3.5312309e+00
  -1.5362409e+00  -2.2358443e+00
  -2.1973887e+00  -1.6493510e+00
   1.8871575e+00   2.9715463e+00
  -1.9359466e+00  -2.6365263e+00
   1.1781964e+00   1.9615102e+00
  -3.1617539e+00  -2.1706396e+00
   1.3917844e+00   2.8678690e+00
   6.4559939e+00   1.6415373e+00
  -2.4630904e+00  -1.0913683e+00
   6.4679263e+00   1.4281549e+00
   1.8654138e+00   3.3515420e+00
   5.5098038e+00   2.1681178e+00
   4.1652347e+00   4.5196196e+00
   5.9030563e+00   9.8523568e-01
   4.6967895e+00   1.8108198e+00
   1.1972653e+00   2.0199150e+00
   2.6099777e-01   4.2339714e-01
  -6.9597791e-01  -1.2226925e+00
   5.0643919e+00   2.8670783e+00
   1.1013143e+00   1.4882566e+00
   2.4908329e+00   1.2689576e+00
   4.6835313e+00   2.9320520e+00
   9.5088654e-01   1.3159020e+00
   1.2642263e+00  -3.7825641e-01
  -3.1334139e+00  -3.6136044e+00
   2.8428875e+00   1.9007014e+00
   6.2330752e+00   1.8429419e+00
   6.9268379e+00   2.1337445e+00
   6.3579868e+00   3.1588697e+00
   3.5233795e+00   2.6313851e+00
   5.9841944e+00   8.4189273e-01
   2.6653508e+00   2.0922997e+00
  -1.3853059e+00  -2.9370435e+00
  -3.3828877e+00  -1.4472091e+00
   1.7937160e+00   3.3075569e+00
  -2.4637766e+00  -2.4508587e+00
   4.0899967e+00   6.8376253e-01
   1.9833930e+00   2.4996947e+00
   1.9456190e+00   3.6848018e+00
   4.4242218e+00   2.1619142e+00
  -2.5606664e+00  -4.5165566e+00
   1.1503337e+00   5.4887003e-01
   2.0451505e+00   3.2926427e+00
  -2.8262751e+00  -7.5078666e-01
  -7.2563373e-01  -2.0938815e+00
   7.6241187e-01   2.5724410e+00
  -1.0261348e+00  -2.5582683e+00
  -2.9938649e+00  -2.4864354e+00
   2.6064979e-01   1.4681865e+00
  -3.9836299e+00  -4.0010821e+00
   2.8370049e+00   2.3318034e+00
  -2.2334340e+00  -1.2032078e+00
   2.8051681e+00   3.6191852e+00
   5.3956472e+00   2.3722578e+00
   2.0793588e+00   5.2004885e-01
  -1.8337428e+00  -1.5445266e+00
  -1.5683138e+00  -2.3418680e+00
  -3.6523176e+00  -5.1820467e-01
   2.5795349e+00   1.4316749e+00
  -1.2395310e+00  -1.5938738e+00
   2.0048277e+00   1.6558140e+00
   4.4768317e+00   2.7903675e+00
   5.5665593e+00   1.9289747e+00
  -2.2560712e+00  -2.5252280e+00
  -2.2965302e+00  -1.7598318e+00
   4.2669296e+00   2.6830674e+00
   2.1844131e+00   3.1173207e+00
  -1.7631476e+00  -1.1327983e+00
   5.1162206e+00   3.0827816e+00
  -1.3811789e+00  -3.0298914e+00
   2.5800976e+00   2.8303812e+00
  -3.3673475e+00  -3.8880973e+00
  -4.5705939e-01   3.5336161e+00
   1.4246287e+00   4.0009855e+00
   2.2951623e+00   1.5467908e+00
  -8.4568798e-01  -1.2473110e+00
  -1.9195687e+00  -2.6703012e+00
  -2.1744659e+00  -1.5782050e+00
  -1.8176780e+00  -2.9057726e+00
  -2.4656237e+00  -1.1743175e+00
   6.9351007e+00   1.8197527e+00
   6.1866801e+00   2.3657657e+00
  -4.7561798e-01  -2.5871507e+00
   3.4074041e+00   1.8750571e+00
   1.8974260e+00   2.5302550e+00
   4.9400756e+00   1.3800231e+00
   2.0391714e+00   2.0401742e+00
   4.4966099e+00   1.3546144e+00
   6.1522252e+00   2.5848742e+00
   1.4628931e+00   1.8479871e+00
   1.4605042e+00   1.9761206e+00
   3.2683279e+00   3.1317781e+00
   5.9705454e+00   2.3544318e+00
  -2.7394515e+00  -2.4973202e+00
   5.7168734e+00   1.9652532e+00
   5.5021524e+00   1.8493571e+00
  -1.7188997e+00  -2.1552778e+00
   5.2380074e+00   1.9903683e+00
   2.0430035e+00   2.7930061e+00
   4.6672659e+00   2.9407665e+00
   5.6013823e+00   1.7146925e+00
   1.2039267e+00   3.7907901e+00
   2.3489778e+00   2.2012481e+00
  -1.8419458e+00  -2.4711297e+00
   3.8174071e+00   3.7027470e+00
  -1.6081483e+00  -2.6566141e+00
  -3.0882648e+00  -2.5436631e+00
  -1.6103078e+00  -6.8914165e-01
   2.9514063e+00   1.8076200e+00
  -2.4066607e+00  -1.7966575e+00
  -6.1372046e-01  -3.4808623e+00
   7.9605365e-01   9.0718251e-01
  -2.3601094e+00  -3.2060454e+00
   5.9186361e+00   2.0626183e+00
   1.5079562e+00   1.6460838e+00
  -2.1644294e+00  -8.0052305e-01
  -3.0589825e+00  -2.0843068e+00
   1.7789851e+00   1.2908842e+00
   3.9769527e+00   1.6029888e+00
   5.0307975e-01  -2.7721941e+00
   6.9923977e-01   3.1272619e+00
  -3.5209729e+00  -2.0592203e+00
   5.6651541e+00   1.7621486e+00
  -1.5731587e+00  -1.3066500e+00
  -2.8238997e+00  -2.7408592e+00
   5.3929258e+00   2.3556795e+00
   5.1143307e+00   1.4323302e+00
   1.7809441e+00   2.5820294e+00
   1.1231388e+00   9.6436027e-01
   1.5750510e+00   1.6522807e+00
   2.8162981e+00   1.1003034e+00
   2.2831241e+00   2.0018085e+00
  -2.0783027e+00  -7.2744418e-01
  -2.0457729e+00  -1.9377716e+00
   5.3911506e+00   1.0482456e+00
  -9.4556088e-01  -4.1089265e+00
   1.6417439e+00   1.4729492e+00
  -2.9035873e+00  -1.5659791e+00
   1.1112042e+00   1.1418530e+00
  -6.3093650e-01  -1.8621516e+00
   1.5825172e+00   2.1594088e+00
  -2.8578316e+00  -1.0362459e+00
   5.8094949e+00   2.4546007e+00
  -2.3475573e+00  -1.3470777e+00
   4.0506591e-01   2.0062925e+00
  -2.4796677e+00  -1.0949230e+00
  -2.8472413e+00  -2.1231462e+00
   7.1246206e-01   1.7005298e+00
   4.8856594e+00   1.9138193e+00
  -2.0241580e+00  -2.8028577e+00
   3.5340151e+00   1.9604775e+00
   4.9985449e+00   1.6604910e+00
   2.6983474e+00   1.3788279e+00
   2.1633956e+00   3.3408187e+00
  -2.3401704e+00  -4.7738241e-01
   2.8979083e+00   1.4263689e+00
   1.8106658e+00   2.8762584e+00
  -1.4365770e+00  -3.0057004e+00
   2.5933504e+00   2.6904149e+00
  -1.9777109e+00  -3.2186225e+00
   2.3098777e+00   3.2292404e+00
  -6.9061561e-01  -2.1621713e+00
   3.6240290e+00   1.3605292e+00
   9.8689770e-01   1.3412743e+00
   1.7752509e+00   1.0250378e+00
   5.6151702e+00   2.1211259e+00
  -2.3047203e+00  -2.2793737e+00
  -1.2883636e+00  -2.2246401e+00
  -1.0212441e+00  -2.3074995e+00
   2.0484605e+00   1.8006421e+00
   5.2605996e+00   2.4271597e+00
   2.9007721e+00   4.7686150e+00
  -2.9571042e+00  -3.2088644e-01
   1.1183271e+00   1.3879726e+00
   1.9226277e+00   1.0999717e+00
  -1.9203328e+00  -1.3013733e+00
  -4.6969664e-01  -1.3191116e+00
   2.2358991e+00   3.3029500e+00
   2.4727336e+00   2.4453222e+00
   5.9097889e+00   1.5703820e+00
   3.4338405e+00   3.1951760e+00
   3.3443410e+00  -2.1572229e-02
  -2.2328961e+00  -5.6858570e-01
   5.8382789e+00   1.9648596e+00
  -2.7657251e+00  -2.9257942e+00
  -2.0026505e+00  -1.2230114e+00
  -3.4093489e+00  -2.1361673e+00
  -3.7512880e+00  -1.5173356e+00
  -3.0911009e+00  -1.3051365e+00
   5.6555605e+00   2.2654592e+00
  -2.2021049e+00   8.5208024e-02
   2.6042725e+00   1.8831844e+00
  -9.0823065e-01  -2.6272800e+00
  -2.4716772e+00  -1.9788811e+00
   1.7312420e+00   2.8697478e+00
  -2.5677636e+00  -2.2072059e+00
  -3.8229850e+00  -2.1461024e+00
   1.6563468e+00   2.8901957e-01
   9.1363995e-01   2.1947545e+00
  -1.9241535e+00  -3.2269642e+00
  -2.1287278e+00  -8.4901429e-01
  -3.2195985e+00  -1.6501941e+00
   1.7529598e+00   2.3107821e+00
   3.0381776e+00   1.7651574e+00
  -4.1988539e+00  -2.0673725e+00
  -7.5431018e-01  -2.2555135e-01
  -1.2074876e+00  -1.6517936e+00
   4.9369726e+00   2.3008593e+00
   5.0776734e+00   1.0705214e+00
   1.7159790e+00   2.0573320e+00
   6.8223521e+00   2.4504727e+00
   1.7783215e+00   2.9177736e+00
   4.0811512e+00   2.0356623e+00
  -1.7536948e+00  -1.8844130e+00
   9.2257598e-01   2.7960553e+00
   4.0073546e+00   2.8752299e+00
   2.4931535e+00   2.1618735e+00
   7.1573162e+00   3.4776681e+00
   1.6900977e+00   2.3166682e+00
   2.6745974e+00   3.1120935e+00
   3.0943595e+00   1.2105405e+00
   3.3568034e+00   6.8533389e-01
   1.4029366e+00   3.9929948e+00
  -3.1612408e+00  -2.7062610e+00
   2.4294463e+00   3.1381892e+00
  -2.7074992e+00  -5.7308568e-01
   1.0657143e+00  -2.8869966e-02
  -2.7130469e+00  -1.0169573e+00
  -2.5666374e+00  -2.3232610e+00
  -9.5739510e-02   1.6983536e+00
   6.2363834e+00   2.4421666e+00
   6.6850688e+00   2.3239756e+00
   7.1280274e+00   2.3345600e+00
   2.6255146e+00   1.5244849e+00
  -1.4511915e+00  -2.2735635e+00
   1.4126931e-01   2.5558911e+00
   2.3438659e+00   3.2128906e+00
   7.2875830e-01   2.5038743e+00
   1.8632745e+00   1.8958965e+00
   2.6077952e+00   1.7952155e+00
   1.4981308e+00   1.9793014e+00
   3.8939916e+00   4.0715711e+00
