  -4.9639736e-01   3.9272454e+00
  -4.5693972e+00   1.7513966e+00
   1.4230213e+00  -2.8126501e+00
   3.5096775e+00  -3.9246231e+00
  -1.3577925e+00   3.2021929e+00
   2.9938492e+00  -2.1363314e+00
   2.6475358e+00  -2.0812215e+00
  -9.2462815e-01   2.2980612e+00
  -2.4742475e+00   1.5331455e+00
  -2.9323363e+00   2.2192296e+00
  -3.4660950e+00   2.5325570e+00
  -2.0678177e+00   1.1353137e+00
  -1.2711034e+00   3.2068584e+00
  -1.6727136e+00   2.8178902e+00
  -2.9372740e+00   2.7469226e+00
  -6.2492005e+00   7.8553082e-01
  -3.2156528e+00   3.6017131e+00
  -5.0461803e+00   3.2807532e+00
  -2.6386990e+00   3.7800703e-01
   1.9638967e+00  -3.3114560e+00
   3.0019323e+00  -3.4505589e+00
  -1.8238629e+00   1.0959618e+00
   1.1375346e+00  -2.2193845e+00
  -2.7336037e+00   1.7648608e+00
   9.9349694e-01  -2.7800081e+00
  -5.8706547e+00   2.1980393e+00
   1.9395902e+00   4.4636400e-01
   1.5099160e+00  -1.1189770e+00
   2.0307448e+00  -1.0617578e+00
  -3.1297613e+00   1.6147481e+00
   1.6954940e+00  -2.3650384e+00
  -7.1946957e-01   1.3027283e+00
  -6.7438567e+00   1.7062112e+00
  -1.5487939e+00   6.5445418e-01
   1.7416225e+00  -1.9650938e+00
  -9.8483888e-01   1.4970292e+00
  -1.5768747e+00   3.1253236e+00
   1.1783222e+00  -1.4739536e+00
  -1.1284635e+00   2.9538772e+00
  -1.3274181e+00   3.4039180e+00
  -1.0778369e+00   4.5542535e+00
  -4.8854193e-01  -3.6719979e-03
  -6.3406144e+00   2.7870945e+00
   1.4063788e+00  -1.4966271e+00
  -6.2819963e+00   2.0872570e+00
  -5.9771994e+00   2.2484661e+00
  -2.7020224e+00   7.4841824e-01
  -2.3440140e+00   1.2839534e+00
   2.6172877e+00  -1.8056655e+00
  -2.3603180e+00   6.6247910e-01
  -5.0544030e+00   1.9131624e+00
  -1.1379377e+00   1.6603932e+00
  -6.5653725e+00   1.4489092e+00
   1.7212793e+00  -4.0553233e+00
   3.1814149e+00  -2.3266807e+00
  -1.9069140e+00   2.0994186e+00
  -2.8001358e+00   1.9799335e+00
  -6.8052325e-01   1.3169990e+00
   1.3942895e+00  -2.1902933e+00
  -2.3724144e+00   5.1329626e-01
   2.5549863e+00  -2.7426887e+00
  -3.1624959e+00   3.4597936e+00
   2.9514243e+00  -1.7564251e+00
  -5.1425934e+00   2.2383012e+00
  -1.5937448e+00   1.3580739e+00
  -1.0185097e+00   2.0776143e+00
   1.5634224e+00  -2.3421361e+00
  -3.2436706e+00   1.7519706e+00
  -1.9314582e+00   2.2287614e+00
  -2.6563146e+00   3.4552284e+00
  -5.9380350e+00   1.8325820e+00
  -4.3185569e+00   1.9509545e+00
  -1.7091744e+00   1.3514307e+00
  -1.2820968e+00   1.5514579e+00
   3.2016580e+00  -2.9425219e+00
   3.1051453e+00  -2.7179646e+00
   1.9300299e+00  -1.8442107e+00
  -5.0597034e+00   3.1878396e+00
   3.3140104e-02  -1.8697061e+00
  -2.7054155e+00   1.7221215e+00
  -5.6005561e+00   3.1654280e+00
  -1.1420491e+00   8.0716851e-02
  -2.3287209e+00   2.3814357e+00
   3.2273976e+00  -2.9471524e+00
   6.8048680e-01  -1.4938981e+00
   1.9936033e+00  -3.5277047e+00
   2.5513978e+00  -1.6001278e+00
  -1.2978709e+00   3.2908280e+00
  -1.8182833e+00   2.6920067e+00
  -1.8186745e+00   1.5439948e+00
  -6.0061698e+00   1.3985990e+00
  -2.1173028e+00   1.1412824e+00
  -3.0576575e+00   2.8840334e+00
   1.4743360e+00  -2.1726810e+00
  -2.7207492e+00  -8.2363486e-02
  -8.3356357e-01   1.2428502e+00
   2.4487130e+00  -2.7364468e+00
   2.4562530e+00  -1.3690684e+00
  -5.4094320e+00   2.2946502e+00
  -2.3159566e+00   2.0401402e+00
   3.1990979e+00  -1.8245735e+00
   2.9469694e+00  -1.9288135e+00
   1.5090746e+00  -1.9855623e+00
   2.8933938e+00  -2.5881193e+00
  -6.9311998e+00   1.9475560e+00
  -2.0205326e+00   1.0942829e+00
  -2.2566996e+00   1.4396704e+00
  -5.5331200e-01   1.6458504e+00
  -5.5501140e+00   3.6299420e+00
  -1.9979674e+00   1.5413033e+00
  -6.7301164e+00   2.5198034e+00
  -2.3434342e+00   1.1168607e+00
  -1.3564595e+00   1.9496210e+00
  -6.2147362e+00   1.6253465e+00
  -7.1293181e+00   1.6788145e+00
   2.7815154e+00  -7.7978897e-01
   8.5319526e-01  -1.7486199e+00
  -1.8844470e+00   3.3207330e+00
   1.7254202e+00  -1.7625722e+00
   3.5053594e-01  -6.3997747e-01
  -1.9713590e+00   2.0739081e+00
  -2.9014726e+00   1.5890136e+00
  -3.0107003e+00  -9.0264908e-01
   2.6185836e+00  -1.2320953e+00
   1.1769976e+00  -3.4150332e+00
  -4.1971186e+00   1.6402333e+00
  -1.8238172e+00   1.9807218e+00
   3.6614104e+00  -1.7365794e+00
  -2.6172515e+00   3.5824322e-01
  -2.6178140e+00   5.9505484e-01
  -4.6771030e+00   1.6752122e+00
   1.3435342e+00  -9.1845376e-01
  -3.7976305e-01   2.3826966e+00
  -1.8650115e+00   2.2050193e+00
  -1.0839305e+00   1.8596892e+00
  -1.8832244e+00   2.2038521e+00
   2.0345683e+00  -3.1727800e+00
  -2.4085894e-01   4.8660261e-01
   3.5043197e+00  -3.4053979e+00
  -2.8294549e+00   1.9461927e+00
   1.0146224e+00  -1.8203630e+00
  -2.4195878e+00   3.1166256e+00
  -2.9539697e+00   2.8920298e+00
  -1.7278616e+00   2.1925667e+00
  -4.7441911e+00   1.1990289e+00
   6.4115886e-02   1.8147827e+00
  -3.4220859e+00   3.1183572e+00
  -1.2987073e+00   4.5176241e+00
  -2.4650798e+00   1.7894241e+00
  -1.8698393e+00   1.4899378e+00
  -6.6071113e+00   1.2411422e+00
  -3.6185828e+00   3.1147542e+00
   2.2240102e+00  -3.3616662e+00
  -1.8148327e+00   2.5008700e+00
  -4.0964699e+00   2.9018469e+00
   1.6341084e+00  -2.6162136e+00
  -5.7095898e+00   1.2314291e+00
   2.0342037e+00  -1.5661781e+00
   3.4825692e+00  -4.1679484e+00
  -1.2173884e+00   2.7309566e+00
  -3.0785492e+00   2.3801952e+00
  -2.4966050e+00  -9.0790877e-01
  -1.6532144e+00   1.6986803e-01
  -5.3679596e+00   3.1188404e+00
  -1.6688083e+00   2.2167036e+00
  -6.5954813e+00   1.9652385e+00
   2.9739512e+00  -1.6861280e+00
  -6.5571099e+00   1.9989691e+00
   2.7490176e+00  -2.4840996e+00
  -2.0860142e+00   2.3705824e+00
   1.7772003e+00  -1.4442276e+00
  -4.1590677e+00   1.8095658e+00
   2.8193286e+00  -1.7830200e+00
  -4.9149594e+00   1.1469243e+00
  -6.1345694e+00   1.7136134e+00
  -3.2618622e+00   2.5551177e+00
   1.6234537e+00  -2.5699563e+00
  -4.3786337e+00   2.0421056e+00
  -2.3934144e+00   1.2314919e+00
   2.2322212e+00  -3.0054773e+00
  -6.1209912e+00   1.4133020e+00
   3.2880549e+00  -2.5339862e+00
   2.8761678e+00  -2.1328439e+00
  -4.4695577e+00   1.3125377e+00
  -5.1388702e+00   2.9274657e+00
   4.9915414e-01  -3.3390222e+00
  -3.2093003e+00   1.8217584e+00
   2.2353958e+00  -2.3677489e+00
  -1.0095543e+00   2.4762585e+00
   2.5860087e+00  -4.0180307e-01
  -9.3064034e-01   1.2554613e+00
  -1.9044976e+00   1.4913728e+00
   3.4504215e+00  -3.8408796e+00
   2.0386534e+00  -1.8446156e+00
  -2.3472117e+00   1.3961145e+00
   2.1978202e+00  -3.7725082e+00
  -6.5251248e-01  -2.6468686e+00
  -6.6482421e+00   5.8820575e-01
   3.2756745e+00  -2.1048593e+00
  -2.5697310e+00   1.7341835e+00
  -1.3202688e+00   1.5833125e+00
  -2.6018451e+00   1.2595271e+00
   4.0630506e+00  -3.9460050e-01
   1.8740042e+00  -2.0700292e+00
  -2.8137062e+00   2.2946604e+00
   6.4374955e-01  -9.2314254e-02
  -3.1529063e+00   1.2271370e-01
  -9.1969370e-01   1.3510921e+00
   1.8520640e-01   3.8956907e+00
  -1.2315958e+00   8.6987965e-01
   1.6150388e+00  -2.3901997e+00
  -2.1722267e+00   3.2756550e+00
  -2.5251023e+00   3.5448625e+00
  -3.3566051e-01  -1.0987111e+00
   2.3896240e+00  -1.0651253e+00
   3.6030655e+00  -1.4265220e+00
   1.8054237e+00  -3.2248024e+00
   1.9784510e+00  -2.3408452e+00
  -6.5975550e+00   1.0441195e+00
  -8.8776145e-01   2.1453945e+00
  -2.2720065e+00   3.8378938e+00
  -2.7147118e+00   3.0844469e+00
   1.7944978e+00  -3.4230419e-01
   1.4120515e+00  -2.4064295e+00
  -3.7680226e+00   1.4786454e+00
  -2.4972275e+00   2.2689244e+00
  -2.1777170e-01  -3.3951116e+00
   1.2483558e+00  -2.8268210e+00
  -1.3368708e+00   1.3974339e+00
   2.6798050e+00  -1.3448806e+00
  -2.4772897e+00   1.0891640e+00
   2.5854824e+00  -9.9677062e-01
  -4.7900504e-01   9.5352667e-01
  -2.7265270e-01   1.4457707e+00
  -3.0660913e+00   2.7949879e+00
  -4.8071568e-01   2.3005467e+00
  -6.4683314e+00   2.6146686e+00
  -2.2420155e+00   6.5141678e-02
  -4.9757665e+00   1.3394384e+00
  -2.5709768e+00   2.4868861e+00
  -6.0097224e+00   2.0542093e+00
  -1.4023559e+00   1.5572501e+00
  -7.6719147e-01   2.6583916e+00
   7.0151770e-01  -7.6280221e-01
   2.2383423e+00  -2.7353350e+00
  -5.2777583e+00   3.0561337e+00
  -1.5555985e+00   1.0351571e+00
   2.4523084e+00  -2.2285674e+00
  -1.8274078e+00   5.5450009e-01
  -5.9519480e+00   1.8844410e+00
  -6.5484178e+00   1.7611184e+00
   9.1027614e-01  -1.7254171e+00
  -1.5565735e+00   4.9044878e+00
  -1.7249814e+00   1.6804679e+00
  -2.2465004e+00   3.1475861e+00
   6.6558698e-01  -1.7804901e+00
  -3.1590035e+00  -2.1088809e-01
  -7.7976123e+00   1.7481476e+00
  -6.7163784e+00   1.3791398e+00
  -9.0323575e-01   3.1422271e+00
   1.8635194e+00  -1.3624129e+00
  -1.0849043e+00   6.6970661e-01
  -1.7351629e+00   2.6549238e+00
   3.0767964e+00  -3.2017643e+00
  -1.7187242e+00   6.4759173e-01
   2.5881389e+00  -2.7849309e+00
  -5.4273167e+00   1.6973257e+00
   3.4670771e+00  -2.5120142e+00
  -1.2319035e+00   1.6424814e+00
  -4.3184575e+00   2.8491936e+00
  -2.6372646e+00  -2.3270856e-01
   7.0052028e-01  -2.7853136e+00
  -4.8716730e+00   2.8712495e+00
   1.4726728e+00  -3.4912205e+00
  -5.7810566e+00   1.7043397e+00
  -3.7627684e+00   2.0478710e+00
   1.7065233e+00  -1.3470886e+00
  -6.4237883e+00   1.2790092e-01
  -4.5357974e+00   5.2832702e-01
  -5.7161931e+00   2.1968142e+00
  -1.7473052e+00   2.9214501e+00
   2.4805221e+00   3.2251039e-01
  -6.3186057e+00   1.9853261e+00
   1.3481085e+00  -2.2264817e+00
   1.8783588e+00  -3.7812852e+00
   1.2460975e+00  -1.1458935e+00
  -3.8804416e+00   1.3837539e+00
  -4.9397163e-01   2.5825361e-01
  -1.2747561e+00   3.1664853e+00
  -4.7431575e+00   2.3931891e+00
  -1.6574446e+00   2.6653009e+00
   1.4239771e+00  -2.8867044e+00
  -1.7747463e+00   1.4232344e+00
   1.7755063e+00  -1.6599572e+00
   1.8571498e+00  -1.3903587e+00
   2.8038624e+00  -1.1641526e+00
  -3.0991796e+00   2.1248190e+00
  -4.9226715e+00   2.0666727e+00
   1.9077664e+00  -1.3012892e+00
  -3.4412442e+00   1.1830884e+00
  -2.9677082e+00   3.1202167e+00
  -5.3206292e+00   2.1451181e+00
  -2.7256143e+00   2.3560341e+00
   2.7616393e+00  -1.9028747e+00
  -2.5425061e+00   2.9333024e+00
   2.0544532e+00  -1.3026490e+00
   2.3090740e+00  -2.9406599e+00
   2.5798169e+00  -3.0841652e+00
  -6.0658114e+00   1.7855734e+00
  -1.7690256e+00   1.7637538e+00
  -6.8757599e-01   4.1412693e+00
  -5.9687305e+00   2.2361197e+00
   2.1278513e-01  -1.1133494e+00
  -2.7620468e+00   1.5880912e+00
  -2.3872024e+00   2.9669603e+00
  -2.7542704e+00   2.0331390e+00
  -1.8879080e+00   1.1946050e+00
  -6.1174975e+00   1.4611668e+00
  -4.1601906e+00   8.1497078e-01
   3.3262811e+00  -1.4477937e+00
  -4.8965266e+00   2.0040801e+00
  -1.4261407e+00   3.2935720e+00
   3.3404365e+00  -2.0262978e+00
   1.4429532e+00  -2.5473092e+00
  -2.2705957e+00   1.2749197e+00
   1.4628933e+00  -1.2956733e+00
  -1.8896800e+00   1.6635949e+00
  -3.4767479e+00   9.0744743e-01
  -4.5105002e+00   1.8646269e+00
   2.3486665e+00  -6.7580410e-01
   2.6625420e+00  -2.8411517e+00
  -2.0140020e+00   2.1760959e+00
  -2.9891817e+00   2.7295285e-01
  -4.9576595e+00   1.4165062e+00
  -1.7357660e+00   2.0433105e+00
   1.9664370e+00  -9.1515799e-01
   1.6117575e+00  -1.8212691e-01
  -5.6307412e+00   1.9282347e+00
  -4.5931604e+00   1.5513262e+00
  -2.6765434e+00   2.4360285e+00
  -2.3665705e+00   1.5323903e+00
   6.3347666e-01  -1.5699395e+00
  -1.9843616e+00   1.1854802e+00
  -2.0488141e+00   2.7780149e+00
   2.4238358e+00  -1.7915531e+00
  -2.7463703e+00   1.0578923e+00
  -5.8941675e+00   1.5037655e+00
   2.0256474e+00   2.1363744e-02
   1.1419310e+00  -2.2467005e+00
  -4.0694945e-01  -1.6674818e+00
   2.4869959e+00  -1.4508521e+00
  -3.2557106e+00   2.7205071e+00
  -6.5585540e+00   1.7106950e+00
  -1.8338674e+00   1.4494122e+00
  -1.7037589e+00   3.5827056e+00
  -3.0627695e+00   2.2265763e+00
   1.8529579e+00  -2.5696771e+00
  -4.2175374e+00   4.9082242e-01
  -3.1050083e+00   3.0622002e+00
  -2.3513386e+00   1.3958473e+00
  -6.3537207e+00   2.1599319e+00
   8.8841539e-01  -1.0693070e+00
   2.4983660e+00  -3.2305514e+00
  -2.9685853e+00   2.0885853e+00
  -1.9108056e+00   2.7495550e+00
   1.5353488e+00  -2.7615712e+00
  -9.4258636e-01   1.3505753e+00
   1.1556690e+00  -2.7673728e+00
  -1.4853020e+00   3.1063265e+00
  -1.1464061e+00   3.0818111e+00
  -5.4568113e+00   2.5143280e+00
  -2.2055363e+00   1.0821947e+00
   7.2637312e-01  -7.3492774e-01
  -2.8871444e+00   3.6282311e+00
  -2.8795245e+00   2.9670066e+00
  -4.9830904e+00   2.7743924e+00
  -6.4401130e-01   2.2790994e+00
  -1.6099483e+00   1.7455792e+00
   2.0305453e+00  -1.8863361e+00
   1.5228658e+00  -2.8826114e+00
  -3.4735823e+00   1.9162828e+00
  -5.5903073e+00   1.7620488e+00
  -2.1800518e+00   3.2598791e+00
   2.0306111e-01   5.1856060e-01
  -5.8875539e+00   1.7241290e+00
   3.6237164e+00  -3.0749655e+00
  -5.5940166e-01   2.1912940e+00
  -2.5371351e+00   6.4449713e-01
  -2.2287456e+00   1.2127747e+00
   1.9829219e+00  -2.6751411e+00
   3.4865229e+00  -1.3042932e+00
  -5.8054424e+00   1.1141747e+00
  -8.3983470e-01   2.0173609e+00
   3.2051557e+00  -3.0476780e+00
  -3.7096218e+00   3.2028045e+00
  -6.7363633e+00   1.3786255e+00
   1.4872741e+00  -1.9424983e+00
  -4.6284793e+00   1.5452935e+00
  -2.7880488e+00   3.0240250e+00
  -5.9085682e+00   2.1883430e+00
  -1.8835304e+00   3.6821556e+00
  -3.4334636e+00   9.2163655e-01
  -4.5282675e+00   1.2414860e+00
  -2.2995411e-01  -2.5400144e+00
   2.9647169e+00  -4.1096693e+00
   3.3699190e+00  -1.6717318e+00
  -1.0199623e+00   1.2475863e+00
  -2.6159641e+00   1.5879111e+00
  -3.3689536e+00   2.2000384e+00
  -2.2631099e+00   1.2732284e+00
  -1.3581290e+00   1.4391393e+00
  -6.0086014e+00   9.6649911e-02
   3.0754942e+00  -1.7028815e+00
   2.4387495e+00  -3.3825720e+00
  -1.3586484e+00   2.0269016e+00
  -4.8977568e+00   2.0204925e+00
   3.8553526e+00  -2.5171303e+00
  -3.0430166e+00   1.9310478e+00
  -1.4203618e+00   7.9880678e-01
   7.5717616e-01  -2.9683832e+00
  -2.5924941e+00   1.9361113e+00
   5.3988698e-02   3.0267483e+00
   1.8434994e-01  -2.2729530e+00
   2.8426600e+00  -3.1757379e+00
  -5.3644808e+00   1.3936522e+00
   1.0261430e+00  -9.2337332e-01
   2.6199399e+00  -3.5065714e+00
   1.0795328e+00  -1.9287591e+00
  -5.2473411e+00   1.3607494e+00
   2.9919186e+00  -3.3447907e+00
  -2.2400581e+00   2.4906017e+00
  -6.2500745e+00   8.4483126e-01
  -4.9711691e+00   2.0558650e+00
  -5.2270914e+00   2.3565456e+00
   3.9260853e-01  -3.3809571e+00
   3.2630015e+00  -3.6416935e+00
   1.4581590e+00  -3.4671239e+00
   1.8870639e+00  -2.4115093e+00
  -2.0910903e+00   2.5469109e+00
  -1.3910274e+00   2.9247543e+00
  -5.0953537e+00   2.2360890e+00
  -6.6451102e+00   7.4198463e-01
  -5.4498793e+00   1.6388463e+00
  -3.4315950e+00   2.3479118e+00
  -2.5070124e+00   1.8130352e+00
  -3.5299211e+00   1.4274344e+00
   1.8081526e+00  -1.3314130e+00
  -1.8636080e+00   8.2777036e-01
  -2.6341390e+00   1.4494681e+00
  -1.2263237e+00   2.9705039e+00
   1.4408083e+00  -9.4238763e-01
  -1.2385816e+00   8.1638788e-01
   8.8385833e-01  -2.2441257e+00
   7.3032853e-01  -1.1538646e+00
  -3.0820778e+00   3.8994208e-01
  -1.8034230e+00   9.9164261e-01
  -4.6125311e-01   1.2976807e+00
  -2.6701169e+00   1.7399051e+00
   2.4462089e+00  -2.2001906e+00
   1.4773803e+00  -2.0908511e+00
  -2.5540449e+00   3.2000398e+00
   2.6405716e+00  -1.1934603e+00
  -4.9549405e+00   2.7949182e+00
  -1.1839615e+00   1.5736192e+00
  -6.0551249e+00   1.4181928e+00
  -2.2470735e+00   1.6167421e+00
  -2.6646672e+00   1.6085806e+00
   9.7898501e-01  -3.6055293e-01
  -3.7837785e+00   1.8603691e+00
   2.3693276e+00  -7.9618062e-01
   2.2388160e+00  -2.7270962e+00
   4.9444288e+00  -3.0567787e+00
   3.7035840e+00  -2.4241668e+00
   7.5748996e-01  -1.6444265e+00
  -4.1836696e+00   2.3782894e+00
   1.6187240e+00  -9.7614763e-01
   6.8797039e-02  -1.7501389e+00
   2.7536062e+00  -2.2217925e+00
  -1.7206028e+00   2.0842960e+00
   2.6217435e+00  -3.6478289e+00
  -2.1892529e+00   1.5135213e+00
  -1.8515046e+00   1.5956731e+00
   8.3380992e-01  -2.4431246e+00
   2.6351234e+00  -2.0733545e+00
  -1.6617333e+00   1.1716165e+00
   4.0468238e+00  -2.8415502e+00
  -2.2824927e+00   3.6368211e-01
  -6.5128622e+00   2.3758352e+00
  -8.8705924e-01   2.1330688e+00
  -2.7488069e+00   1.2742614e+00
  -5.2133329e+00   2.5920637e+00
  -3.4483932e-01   2.1219154e+00
  -2.8750802e+00   2.7306475e+00
  -3.3158555e+00   1.5083780e+00
  -6.6913243e+00   2.0388625e+00
   7.1676114e-01  -3.5741359e+00
  -4.2146690e+00   2.0715963e+00
  -1.2238560e+00   3.3738554e+00
  -3.3894394e+00   2.0903238e+00
   2.1422850e+00  -3.1562502e+00
