   5.7429803e+00   3.0569465e+00
  -1.9040450e+00  -1.7435979e+00
  -2.3635178e+00  -2.5587304e+00
  -1.4732539e+00  -5.3948267e-01
  -1.2147932e+00  -8.2958926e-01
   1.8513351e+00   2.3646287e+00
  -3.6041745e+00  -1.0275696e+00
   2.8097420e+00   2.1076187e+00
   2.8177487e+00   1.1502809e+00
  -4.5229422e+00  -1.7062949e+00
  -2.6010824e+00  -1.6982661e+00
  -1.2666236e+00  -1.3890158e+00
  -3.3903314e+00  -2.9439814e+00
   1.0003225e+00   1.5650381e+00
  -1.6665620e+00  -1.7577158e+00
  -3.1206621e+00  -8.5045968e-01
   2.9188084e+00   2.5717898e+00
  -2.1313242e+00  -2.8729296e+00
  -1.5893211e+00  -4.9194370e+00
   3.3045450e+00   3.0617907e+00
   2.2631602e+00   3.4852219e+00
   1.0409247e+00   2.5826446e+00
   7.2524136e+00   8.9744050e-01
  -2.2625410e+00  -2.5387118e+00
  -2.1530477e+00  -3.0504399e+00
   2.4714504e+00   7.0828845e-01
  -2.0390903e+00  -2.9970288e+00
   3.6673625e+00   2.4220671e+00
   5.0621383e+00   1.5508883e+00
   3.3466116e+00   5.4659732e-01
  -1.8734561e+00  -1.4870510e+00
  -1.1800791e+00  -2.2375389e+00
   2.2035550e+00   3.1310795e+00
  -3.3790927e+00  -9.3929762e-01
   2.1589447e+00   1.9837772e+00
   1.2912401e+00   1.3619010e+00
  -1.6569890e+00  -7.5409110e-01
   8.1804133e-01   1.3435436e+00
  -3.2766163e+00  -1.7043545e-01
  -1.2852370e+00  -1.7709659e+00
  -1.0111751e+00  -4.2232098e+00
  -1.4291775e+00  -1.1737632e+00
   8.3194408e+00   2.6853740e+00
   1.1225603e+00   1.7158023e+00
   6.0693939e+00   2.8123747e+00
   3.7664157e+00   1.3052031e+00
   6.2830630e+00   2.2437917e+00
   5.8875198e-01   1.6707463e+00
  -1.2387806e+00  -2.1327389e+00
   2.2381211e+00  -3.2305067e-01
   2.6872210e+00   1.8605806e+00
   4.6991816e+00   1.3460174e+00
  -3.0687682e+00  -3.2636807e+00
   5.6364542e+00   2.0272148e+00
  -3.1883425e-01  -1.2784059e+00
   2.0382635e+00   2.3960122e+00
  -2.6556252e+00  -5.4093658e-01
  -4.1160227e+00  -2.6346971e-01
   7.9593700e+00   1.8188831e+00
   5.9589344e+00   1.9605605e+00
  -2.1093804e+00  -2.1930223e+00
  -2.8850643e+00  -9.0222021e-01
   2.5305390e-01   5.4209377e-01
  -3.7257926e+00  -4.2801912e-01
  -2.7368185e+00  -3.3031616e+00
  -2.1918140e+00  -1.4294281e+00
   4.1364500e+00   2.2295818e+00
   1.6918910e+00   1.1173150e+00
  -1.6270909e+00  -1.8038110e+00
   9.2372664e-01   2.0877461e+00
   5.2957603e+00   3.3337373e-01
   2.0833254e+00   1.3316986e+00
   6.0429566e+00   2.4109106e+00
   6.8425684e+00   3.0416543e+00
   2.4929221e+00   2.1431886e+00
  -3.9525329e-01  -2.8220498e+00
  -3.1298145e+00  -2.3360882e+00
  -1.5575999e+00  -3.0620704e+00
   2.4255172e+00   5.3598137e+00
   2.0032748e-01   2.1221894e+00
   5.6502618e+00   3.1143550e+00
  -2.0142719e+00  -2.2949490e+00
  -3.1379003e-01   3.0468026e+00
   1.3738384e+00   1.0388682e+00
   4.8964798e+00   1.4119705e+00
   2.9979051e+00   2.4606669e+00
   4.7453310e+00   1.7959140e+00
   5.7183863e+00   5.3847121e-01
   4.4044791e-01   1.9635164e+00
   4.6282298e+00   2.4745885e+00
   5.4385426e+00   1.7131906e+00
   1.9142910e+00   1.7746982e+00
  -1.0300585e+00  -1.7133118e+00
  -2.0426958e+00  -1.1243767e+00
   5.6354376e+00   3.6642939e+00
   1.3354351e+00   4.0947249e-01
  -2.0194420e-02  -1.3038140e+00
   1.1008447e+00   1.6402995e+00
   2.8321804e+00   2.3321321e+00
   6.4142142e-01  -2.4551039e+00
  -2.6798289e-01   2.4374276e+00
   1.4794660e+00   1.6698335e+00
   5.7244644e+00   1.9697432e+00
  -1.0829801e+00  -2.3567478e+00
   3.1926766e+00   1.2555388e-01
   2.7964836e+00   1.3714332e+00
  -1.9200211e+00  -1.4116489e+00
   5.0817354e+00   1.7418724e+00
   1.6477603e+00   1.5322003e+00
   2.4719886e+00   3.2427358e+00
  -1.8886741e+00  -2.3432765e+00
  -1.3898577e+00  -1.5421576e+00
   3.4306152e+00   3.0212196e+00
  -2.6399234e+00  -8.0374780e-01
  -8.4234867e-01  -2.1396158e+00
  -1.0468102e+00  -4.4713085e-01
   3.3740767e+00   9.6138955e-01
  -4.5560590e+00  -2.5547651e+00
  -2.9857281e+00  -1.4641054e+00
  -1.9712363e+00  -2.1686362e+00
  -2.1454377e+00  -1.0731781e+00
   1.9867063e+00   1.9924978e+00
   4.5142254e+00   1.4995265e+00
  -2.0916740e+00  -1.9051530e+00
   1.4221525e+00   2.5884894e+00
   5.2519058e+00   2.6094743e+00
   9.6702513e-01   3.1819003e+00
   2.7860541e+00   1.1076391e+00
   3.8214031e+00   2.4046977e+00
  -1.9250980e+00  -1.7523925e+00
   3.9920318e+00   8.8820896e-01
   4.7374644e+00   1.5228129e+00
   5.6260258e+00   2.5679618e+00
  -1.3713438e+00  -1.5202172e+00
  -2.5165749e+00  -2.0661794e+00
  -5.3241854e-01  -1.5461326e+00
   5.3527589e+00   2.2231591e+00
   7.3883297e+00   1.9965588e+00
  -1.5291646e+00  -4.9065809e-01
  -2.4245639e+00  -1.1036421e+00
   5.3551724e+00   2.8160677e+00
  -3.0816445e+00  -2.5962384e+00
  -2.7668094e+00  -3.0559987e+00
  -2.2215463e+00  -1.5924392e+00
  -1.9934660e+00  -1.4591215e+00
   2.1616634e+00   2.3344056e+00
   2.9916329e+00   3.2477547e+00
   3.2479973e+00   3.3486240e+00
  -2.7254201e+00  -1.3096059e+00
   3.4165854e+00   1.5085615e+00
  -2.9738763e+00  -2.1348454e+00
   3.7418315e+00   2.6425086e+00
   1.7216127e+00   2.8533528e+00
   5.9338560e+00   2.5940406e+00
  -9.4340607e-01  -6.5963772e-01
   5.8441758e+00   2.2639226e+00
  -1.7966745e+00  -2.3707447e+00
  -1.2644785e+00  -4.1472786e+00
  -2.5763978e+00  -1.7785124e+00
  -1.1930225e+00   3.6859025e-02
  -3.4223083e+00  -2.2956367e+00
   2.1955996e+00   3.0816303e+00
   6.1334342e+00   2.7621904e+00
   5.2016428e+00   1.7830919e+00
   3.0553601e-01  -2.8386719e+00
  -6.6901248e-01  -1.7126822e+00
  -2.8498986e+00  -1.9314426e+00
  -3.8628155e+00  -2.3632513e+00
   2.0443120e+00   2.9035417e+00
  -2.6589508e+00  -1.8538268e+00
  -6.3095943e-01  -1.7351741e+00
  -1.6769737e+00  -1.8381844e+00
  -3.4776734e+00  -2.8985846e+00
  -1.4106831e+00  -1.2478327e+00
  -1.9092506e+00  -2.1213568e+00
   2.1626178e+00   1.6902817e+00
   6.2494679e+00   1.4098981e+00
  -1.9461886e+00  -4.2068598e-01
  -1.6169622e+00  -1.2451044e+00
   4.9507556e+00   1.5635870e+00
  -2.3772664e+00  -2.2737209e+00
   1.7996951e+00   2.1788773e+00
  -4.1893682e+00  -2.7303642e+00
  -2.2216967e+00  -1.9298010e+00
  -1.0532492e+00   1.4221388e+00
  -2.0301971e+00  -1.5536748e+00
   1.4086455e+00   3.1733746e+00
   2.5214577e+00   2.8150105e+00
  -1.4212424e+00  -2.2041174e+00
  -9.8944039e-01  -1.8539391e+00
  -9.1819927e-02   1.4959417e+00
   2.7829070e+00   1.1721986e+00
   2.4079906e+00   2.8197867e+00
  -1.1214033e+00  -1.3547372e+00
  -1.9378155e+00  -3.6064215e+00
   1.2336738e+00   2.3238924e+00
   4.6764352e+00   2.2129461e+00
   4.8136517e+00   1.6290387e+00
  -2.6923715e+00  -3.1870909e+00
   2.1620707e+00   3.5120936e+00
   5.6978541e-01   2.0143527e+00
   1.2087492e+00   2.0363899e+00
  -2.8763249e+00  -3.1017440e+00
  -7.1871559e-01  -1.0271391e+00
   2.6034081e+00  -3.2747121e-01
   3.6323375e-01   2.9414755e+00
  -2.4435395e+00  -2.3200626e+00
   7.7618277e-01   2.3643532e+00
   5.0996584e+00   2.6552457e+00
  -2.7088622e+00  -2.8499634e+00
  -3.1362400e+00  -2.2103501e+00
   3.0663385e+00   3.8095309e+00
   5.9278116e+00   1.7071369e+00
   4.5232752e+00   2.2600890e+00
   2.8114331e+00   1.3426940e+00
   3.0512292e+00   4.3300584e+00
  -8.7099297e-01  -2.1817242e+00
   1.9519577e+00   2.3470798e+00
  -5.0942713e-01   2.1897244e+00
   2.0853831e+00   4.0344755e+00
   1.5177027e+00   2.9770511e+00
   5.8530438e+00   2.2959473e+00
   3.2722301e+00   2.3648109e+00
   3.8949589e-01   2.1758326e+00
   5.0220190e+00   1.7770855e+00
  -1.9599759e+00  -1.7594042e+00
  -2.1503013e+00  -1.4906983e+00
   3.3244891e+00   8.7993613e-01
   6.7266256e-01   3.5365878e+00
  -1.1624453e+00  -1.9468122e+00
   1.0918686e+00   2.4114122e+00
   6.4345858e+00   2.2322387e+00
  -2.7458686e+00  -2.1323023e+00
   2.6300389e+00   1.5825277e+00
   3.0723953e+00   2.3027995e+00
   2.1574484e+00   2.2608516e+00
  -2.7130031e+00   3.1054792e-01
  -2.7802067e+00  -1.1265517e+00
   4.2695488e+00   1.3044744e+00
   2.6902449e+00   4.9976253e+00
  -8.6513942e-01  -1.7099112e+00
   6.2847023e+00   2.7125023e+00
   1.2801237e+00   3.2227922e+00
  -4.4635104e+00  -4.9062182e-01
   3.8297259e+00   2.4474133e+00
  -1.2420780e+00  -2.0347657e+00
   1.9280011e+00   1.7702142e+00
   5.4315378e+00   1.7226280e+00
   3.4159374e+00   3.5208408e+00
  -2.5727677e+00  -2.4449661e+00
   2.9836684e+00   2.4886810e+00
  -2.7610263e+00  -4.8577083e-01
  -4.0749095e+00  -1.1145131e-01
   2.3618208e-01   1.5409696e+00
  -5.2735693e-01  -1.9545203e+00
   1.3378733e+00   1.8367731e+00
   3.1270921e+00   3.5209930e+00
  -2.1911620e+00  -2.0743991e+00
   6.8602991e+00   1.8703911e+00
   1.9289153e+00   2.2149872e+00
   2.1340494e+00   3.7803211e+00
   1.3264598e+00   2.5815971e+00
   3.1866511e+00   2.9618826e+00
  -1.7003565e+00  -3.5989317e+00
  -1.7996017e+00  -2.3980357e+00
  -4.0852410e-01  -1.7812343e+00
   1.9486540e+00   3.5032813e+00
   2.3571122e-01   5.8873590e-01
  -1.1990171e+00   5.2149515e-01
   1.5014485e+00   1.4376803e+00
   6.6024853e+00   2.9452436e+00
   5.8908329e+00   2.6505611e+00
  -1.6809855e+00  -9.2750776e-01
   2.7840599e+00   9.8411714e-01
  -9.5348287e-01  -1.4673646e+00
   1.0475720e+00   2.9474260e+00
   4.7491396e+00   2.3681445e+00
   9.2495642e-01   2.4161307e+00
  -1.8444493e+00  -3.0979911e+00
   2.3536367e+00   1.8764061e+00
   5.6413712e+00   2.4580300e+00
   3.3730053e+00   2.7504299e+00
   3.1742708e+00   2.4868376e+00
   2.2276642e+00   1.5560444e+00
  -6.6046117e-01  -2.4111846e+00
   5.0291863e+00   5.4261358e-01
  -1.1571184e+00  -2.6092543e+00
  -1.4674879e+00  -2.5471025e+00
   2.6618772e+00   5.0272477e-01
  -1.0524858e+00  -2.9325702e+00
  -2.3194037e+00  -3.4851383e+00
   6.4424513e+00   2.5640515e+00
   2.1398722e+00   1.1650147e+00
   2.1533876e-01   1.2146426e+00
   7.9118499e-01   1.0913500e+00
   5.6372598e+00   2.0854403e+00
   6.3868730e+00   2.9864802e+00
  -2.3956560e+00  -2.4198104e+00
  -2.8596867e+00  -1.6623420e+00
   5.0256789e+00   1.7699654e+00
   5.9255562e+00   2.4237716e+00
  -1.0424346e+00  -1.2043486e+00
   5.6332605e+00   2.3314165e+00
   3.9834535e+00   2.0117909e+00
  -2.6636123e+00  -2.4309172e+00
   5.0937892e+00   2.1793424e+00
   3.1192347e+00   3.8674064e+00
   2.3251621e+00   1.5444730e+00
  -1.6804854e+00  -8.6446610e-01
   2.2680262e+00   2.4549687e+00
   1.9639092e+00   2.6951780e+00
   3.6667515e+00   1.4191033e+00
   2.1006312e+00   1.4376806e+00
   4.6149170e+00   1.2693034e+00
   2.9797780e+00   4.9904039e-01
   4.0885228e+00   7.5419543e-01
   7.9182931e-01   1.1462268e+00
   2.1801134e+00   3.1804965e+00
   1.9728021e+00   1.7344828e+00
   2.5606578e+00   2.3306220e+00
   4.1929059e+00   2.2562383e+00
   4.4048887e+00   1.5531915e+00
   2.0744690e+00   1.2699791e+00
  -2.3959315e+00  -2.4951071e+00
   1.2002716e+00   2.3544792e+00
  -1.1556175e+00  -3.0437942e+00
  -3.3519755e+00  -3.7150763e+00
  -2.8071285e+00  -1.9358610e+00
   1.7345087e+00   4.7460246e+00
   4.2514393e+00   2.5811107e+00
  -2.3324261e+00  -1.9503522e+00
  -3.6564867e+00  -1.8740570e+00
   2.6191870e+00   3.5079432e+00
  -1.0909015e-01  -2.6946840e+00
   1.3166101e+00   8.3628344e-01
  -2.4046354e+00  -3.9901849e-01
  -1.9321783e+00  -2.9107151e+00
   1.6665022e+00   2.0870155e+00
   2.4910215e-01   2.1137648e+00
  -3.2889482e+00  -2.9361176e+00
   5.2161044e+00   1.3415291e+00
  -1.9315131e+00  -2.3331972e+00
  -2.4191526e+00  -3.0752183e-01
   5.4670324e+00   2.3423241e+00
   2.3671898e+00   1.1297938e+00
   1.5540903e+00   3.5586445e+00
   5.2707047e+00   1.7968610e+00
   2.6337584e-01   5.8320358e-01
   1.1298278e+00   2.4538549e+00
   6.2091468e+00   1.6783951e+00
   2.4600847e+00   3.2286487e+00
  -2.5606443e+00  -2.4675986e+00
  -2.1939682e+00  -1.2451884e+00
   2.0740861e+00   1.5824702e+00
   5.1195925e+00   2.3884367e+00
   9.0452435e-01   6.9972052e-01
   1.3904531e+00   6.2465853e-01
  -2.1862551e+00  -3.0852315e+00
   1.6054103e+00   2.1614798e+00
  -2.3686045e+00  -2.2072794e+00
  -1.7594097e+00  -1.7743265e+00
  -2.1243633e+00  -1.2293277e+00
   1.5632533e+00   1.5782392e+00
   5.1899649e-01   1.6642243e+00
   5.1826578e+00   1.2080145e+00
   3.8503254e+00   2.3441810e+00
  -2.7305482e+00  -3.1029218e+00
  -2.0378601e+00  -2.6819700e+00
   5.4773789e+00   2.6519835e+00
   3.9942154e+00   1.6862644e+00
   2.2995193e+00   2.5409121e+00
  -1.0691113e+00   2.4558075e-01
   6.7863500e-01  -2.4481310e+00
  -2.7795555e+00  -8.4916387e-01
   1.9805892e+00   2.4424193e+00
   2.0599237e+00   1.7853186e+00
   3.5051346e+00   2.5338650e+00
  -1.9410574e+00  -3.5820899e+00
   6.4712374e+00   1.3457810e+00
   7.0635893e+00   1.6550219e+00
  -2.4027229e+00   3.4602719e-01
  -1.4773012e+00  -1.7906942e+00
   5.5761077e+00   2.7438703e+00
   2.6932013e+00   3.9024518e+00
   1.9344517e+00   8.1071350e-01
  -4.4552169e-01  -1.5517989e+00
   4.4801395e+00   1.9507004e+00
   1.2634758e+00   5.7883909e-01
   6.0733657e+00   2.1368333e+00
  -1.9425496e+00  -1.5441282e+00
   2.3837794e+00   2.1661893e+00
  -1.0034967e+00  -3.5544927e+00
  -2.5498661e+00  -3.0170975e-01
   2.5085073e+00   3.6886426e+00
   3.8014311e+00   2.4808547e+00
   3.5764806e+00   2.3898304e+00
   5.2841695e+00   1.2756921e+00
   1.7075225e+00   2.6469203e+00
   2.1606643e+00   1.9394330e+00
   2.0053493e+00   2.1841291e+00
   4.7909387e+00   7.4868413e-01
   2.6166940e+00   2.0584131e+00
   1.6759023e+00   1.7405868e+00
   2.1966481e+00   3.1467149e+00
   6.0847960e+00   1.7932837e+00
  -3.1929617e+00  -3.4932735e-01
   3.7084289e+00   2.9046304e+00
   6.0261531e-01   2.0507235e+00
   4.3948801e+00   2.2418346e+00
   2.3847359e+00   3.1735238e+00
   9.6918251e-01   6.4040901e-01
  -1.7048299e+00  -2.8399332e+00
   1.5346585e+00   2.4020188e+00
  -2.2857813e+00  -1.8059797e+00
   1.8312339e+00   9.6073771e-01
   5.8431224e+00   2.6999131e+00
   4.3675721e+00   1.9074451e+00
   4.1676905e+00   1.7426824e+00
   3.2069148e+00   2.6901667e+00
  -2.0604825e+00  -1.3311541e+00
  -1.1367698e+00  -1.0187560e+00
   2.1874110e+00   8.1267297e-01
   6.3165959e+00   3.1804377e+00
  -1.6671219e+00  -1.2143599e+00
   1.3663169e+00   2.6949090e+00
   3.5457618e+00   2.0475524e+00
   2.0156719e+00   1.1031060e+00
   3.2594714e+00   2.4656393e+00
   5.1611548e+00   2.4755521e+00
   4.9835669e+00   2.0209165e+00
   2.3543737e+00   3.1532213e+00
   1.0081807e+00   2.4234678e+00
   1.3545013e+00   2.8062266e+00
  -1.5336012e+00  -1.9703639e+00
  -1.4651010e+00  -7.6891660e-01
   1.8793906e+00   2.2196589e+00
  -1.4148987e+00  -3.4613853e+00
  -1.5127287e+00   9.7402492e-01
   1.2608449e+00   3.0678319e+00
  -4.6507622e-01  -1.0661634e+00
  -4.1412569e+00  -2.9269727e+00
   4.4716300e+00   1.7069295e+00
   1.2995562e+00   2.1229416e+00
   5.8572065e+00   2.1064207e+00
   3.1558138e+00   1.9018337e+00
  -7.9305731e-02   1.2556255e+00
   4.4140257e+00   1.6512417e+00
  -1.7145345e+00  -7.1488544e-01
   7.4549628e+00   2.8038985e+00
   1.7002851e+00   8.9485110e-01
   7.0315017e+00   3.5885116e+00
   3.0209515e+00   2.3966015e+00
  -6.5293422e-01  -2.8322892e+00
   1.7746576e+00   2.9080574e+00
   1.3213950e+00   1.4268780e+00
   3.6451667e+00   1.8604105e+00
   3.0669026e+00   4.1048065e+00
  -2.0321012e+00  -7.9735465e-01
  -2.8016367e+00  -1.7279511e+00
   6.3743720e+00   1.4286884e+00
  -3.8612948e+00  -2.2059379e+00
  -3.2310471e-01  -1.4182495e+00
  -5.6054451e-01  -2.7351852e-01
   1.6130877e+00   4.0425009e+00
  -7.6630937e-01  -2.0436360e+00
   4.7552607e+00   3.0289151e+00
   3.0190767e+00   2.2540097e+00
   5.4586625e+00   2.4223006e+00
   5.2829929e+00   1.5595908e+00
   3.9229270e+00   1.7373241e+00
   6.5700729e+00   3.2955768e+00
   3.5351443e+00   2.9926423e+00
   2.3458876e+00   3.0953156e+00
   2.1403257e+00   8.7940944e-01
   1.0526186e+00   3.8614734e+00
  -1.4940331e+00   5.3250056e-01
   6.2503966e+00   1.6391216e+00
  -2.1635903e+00  -1.3223217e+00
  -1.2035822e+00  -1.6134437e+00
   2.9689165e+00   4.2772526e+00
   3.1157767e+00   7.7060132e-01
  -3.9136751e+00  -1.7549703e+00
  -1.6837887e+00  -3.0470744e+00
   6.5207594e+00   2.7843949e+00
   2.6948360e+00   3.4012496e+00
   3.0979723e+00   2.2620751e+00
   4.7059174e+00   1.3457918e+00
  -2.0155097e+00  -1.7855144e+00
  -1.6597677e-01   6.5184789e-01
  -2.4128352e+00  -2.4914721e+00
  -3.5457297e-01  -1.2616101e+00
   6.5409657e+00   2.6657474e+00
   3.6823612e+00   1.4717544e+00
  -2.6816534e+00  -2.3458608e+00
   6.2388026e+00   1.9176644e+00
   1.7178290e+00   2.0538522e+00
   7.9152552e+00   1.9945509e+00
   6.5097671e+00   1.3206977e+00
  -1.3092762e+00  -9.6716533e-01
  -1.6645339e+00  -1.7976245e+00
