  6.5713679e+000  1.7301655e+000
  3.3580316e+000  1.0076445e+000
  2.2348208e+000  1.5073570e+000
  2.0878051e+000  1.5383582e+000
 -1.8423841e+000 -1.4560447e+000
  1.9035481e+000  3.2879534e+000
 -2.9237454e+000 -1.7171176e+000
  4.5667991e+000  1.8423727e+000
 -2.6819729e+000 -1.7811623e+000
  5.1031858e+000  2.5297519e+000
 -3.5206861e-001 -3.0783106e+000
 -3.1109418e+000 -1.1921733e+000
  2.6155700e+000  1.6454026e+000
  2.0383541e+000  1.8684805e+000
 -1.3984382e+000 -1.4658164e+000
  5.6561230e+000  2.1844580e+000
 -2.0856821e+000 -3.9301406e-002
  2.5048756e+000  9.1109425e-001
  1.6259652e+000  2.1117127e+000
  4.7481462e+000  2.2031322e+000
  1.2077718e+000  2.2177703e+000
  5.8372810e+000  1.6713735e+000
  5.2514050e+000  1.5004165e+000
  1.8663860e+000  3.3301005e+000
  2.8810429e+000  9.4684822e-002
 -2.2739105e+000 -2.8377242e-001
 -5.2156368e-001 -2.8742188e+000
 -1.6325346e+000 -1.1789552e+000
  1.4536653e+000  1.9015602e+000
 -2.7499329e+000 -7.7719107e-001
 -9.2832003e-001 -2.1149647e+000
  1.2847752e-001  2.8969105e+000
  5.8133933e+000  7.0778157e-001
  6.7949555e-001  2.6529640e+000
  2.9789323e+000  3.0555609e+000
  6.0804101e+000  1.0455098e+000
 -1.1893346e+000 -3.3617124e+000
 -2.3558141e+000 -2.9797257e+000
 -3.5793835e+000 -2.0519232e+000
  2.6604691e+000  2.5741456e+000
 -3.2247145e+000 -5.0143668e-001
  6.0812368e+000  2.1452605e+000
 -1.2595595e+000 -1.0446527e+000
 -2.5489673e-001 -2.6448857e+000
 -2.2485217e+000 -1.2984637e+000
  2.5227732e+000  2.0773835e+000
 -1.1417837e+000 -1.8789079e+000
  1.5001342e+000  4.5729729e+000
  1.5710970e+000  5.7268911e-001
 -1.4780600e+000 -1.8841001e+000
 -2.2104823e+000 -2.2878551e+000
  6.1937596e+000  1.1747876e+000
  2.7121947e+000  1.9233741e+000
  2.2561000e-001 -2.6120075e+000
  2.1697810e+000  5.8609878e-001
 -2.0895204e+000 -1.5657563e+000
 -1.3924108e+000 -2.9770444e+000
  2.1683003e+000  8.7371494e-001
  4.5017247e-001  1.1300212e+000
  6.0066363e+000  2.3771779e+000
 -2.2241715e+000 -3.3341478e+000
  5.3129327e+000  2.0902057e+000
  1.6066861e+000  1.3722386e+000
 -3.2246742e-001 -2.7078468e+000
 -8.8042069e-001 -2.3040058e+000
 -3.7318611e+000 -1.4717232e+000
 -1.5427222e+000 -1.7470942e+000
  5.4453909e+000  9.9924820e-001
 -2.1013563e+000 -6.5742541e-002
 -1.0179262e+000 -3.8491185e+000
  2.3476278e+000  3.1017823e-001
 -3.2713085e+000 -1.4331881e+000
  4.8131995e+000  3.8914821e-001
  1.9383611e-001 -7.1406039e-001
 -2.2010875e+000 -3.2957388e+000
  1.3138571e+000  3.5372112e+000
  1.5299388e+000  1.5873932e+000
  7.5243500e+000  1.9178974e+000
 -2.4655983e+000 -2.3907719e+000
 -1.7244355e+000 -1.0236808e+000
  5.9606196e+000  1.4284236e+000
  6.6474862e-002  2.2716924e+000
 -2.6267456e+000 -2.2583284e-001
  2.9305332e+000  1.5212598e+000
  3.5550319e+000  1.6500499e+000
  5.2537922e+000  1.4530183e+000
  4.1905490e+000  2.1766154e+000
  5.4508328e+000  2.4235846e+000
  5.1013600e+000  2.0549463e+000
  2.1876309e+000  4.6602306e+000
  1.2655559e+000  2.0253579e+000
  5.5882131e+000  2.5675295e+000
 -2.2564303e+000 -2.2328498e+000
 -1.1385402e+000 -3.2963128e+000
 -1.3753475e+000 -2.1511776e+000
 -1.9284094e+000 -2.0257744e+000
  6.7929638e+000  3.1679240e+000
 -3.6714588e+000 -1.9558885e+000
 -1.8901753e-001 -1.9118884e+000
  3.4303104e+000  1.8547937e+000
  7.6886364e-001  1.4672829e+000
 -2.1520324e+000 -2.3711715e+000
 -2.9430698e+000 -4.9254985e-001
 -2.3377922e+000 -1.2899484e+000
  1.5218867e+000  1.6041945e+000
  6.9147521e+000  3.3228596e+000
 -5.2450995e-001 -3.4801612e+000
 -3.9107340e+000 -4.2372972e+000
 -3.9710890e+000 -3.0028692e+000
 -8.3227121e-001 -3.0274689e+000
  2.8339372e+000  1.5205456e+000
  6.0467245e+000  3.4920353e+000
  1.8752912e+000 -5.9363338e-001
  2.7655342e+000  2.8972510e+000
 -1.1417435e+000 -1.0667705e+000
  4.5414801e+000  1.0518192e+000
  2.3814676e+000  1.9597974e+000
  1.2404463e+000  1.2769903e+000
  5.5531033e+000  7.0917466e-001
  1.5286106e+000  3.2135062e+000
  1.3412879e+000  1.1159169e+000
  6.9723202e+000  3.1894618e+000
  5.9555963e+000  2.5480562e+000
 -3.5212369e+000 -1.5429953e+000
  6.4152767e+000  1.5479693e+000
 -5.2390067e-001 -1.4873968e+000
 -5.9164291e-001 -3.1123546e+000
 -2.3558941e+000 -2.3505438e+000
 -8.3433718e-001 -3.0464768e+000
 -2.0194088e+000 -2.6397718e+000
 -4.0076211e+000 -1.9521553e+000
 -2.0518653e+000 -1.7760081e+000
 -3.7784696e+000 -1.8144498e+000
  3.0481906e+000  2.5533598e+000
 -3.5258839e+000 -1.5933274e+000
  8.4435377e-001  2.1421052e+000
  2.2257110e+000  2.3321223e+000
 -1.8702676e+000 -3.0900747e+000
  1.2081774e+000  1.8192407e+000
  1.6234093e+000  1.2815515e+000
  4.5993845e+000  6.9964159e-001
  9.7133290e-001 -2.6443248e+000
  2.7749176e+000  3.3272796e+000
 -3.5168463e+000 -1.8618712e+000
 -1.9958097e+000 -1.7065159e+000
  4.0585643e+000  2.1634770e+000
  6.3132302e+000  2.4669080e+000
  2.3761324e+000  2.5605583e+000
  4.3471997e+000  1.6014880e+000
 -2.1909752e+000 -2.7743650e+000
  1.5950211e+000  1.2871606e+000
  1.2659379e+000  2.7134421e+000
 -2.5203391e+000  4.7577070e-001
  4.4705154e+000  1.7843076e+000
 -2.7039728e+000 -2.3213011e+000
 -2.3792350e+000 -1.7745228e+000
 -2.1100738e+000 -1.3297831e+000
  3.6643035e+000  2.3825616e+000
 -1.4572870e+000 -1.1045542e+000
  2.0098985e+000  2.9291475e+000
 -1.3035237e+000 -3.2949951e-001
  5.2429754e+000  1.5311749e+000
  1.4687843e+000  2.2712361e+000
  2.7404967e+000  2.1178997e+000
  4.6334550e+000  2.2538416e+000
 -1.2262362e+000 -2.7439479e+000
  1.1513957e+000  7.6419252e-001
 -2.9551084e+000 -1.7884579e+000
  3.3138577e-001  1.8993643e+000
  1.5078361e+000  5.2547085e-001
  5.8714664e+000  1.4379313e+000
  6.0120312e-001 -2.9464395e-002
  1.3601997e+000  1.9053313e+000
  4.1438707e+000  4.0926896e+000
  3.8724376e+000  2.5841817e+000
  3.3182236e+000  3.1666949e+000
  5.0924917e+000  2.4103158e+000
  3.8534700e+000  1.8036931e+000
  1.1503652e+000  2.1319207e+000
  3.2096976e+000  3.8930276e+000
  2.8403827e+000  2.8659393e+000
  5.8091250e+000  1.5112803e+000
  4.1910468e+000  6.6438264e-001
 -3.9561090e+000 -3.0092981e+000
  1.1520442e+000  1.1458424e+000
  4.6953273e+000  2.0119542e+000
 -2.4355581e+000  1.4361957e-002
 -2.5442926e+000 -2.3248769e+000
  5.4777689e+000  2.2513370e+000
  3.0777774e+000  6.7190595e-001
  6.3884614e+000  1.9328393e+000
  5.6273080e+000  1.0743569e+000
 -2.5432799e+000 -6.7231758e-001
  6.9468963e+000  2.7291835e+000
 -2.0080197e+000 -1.8450217e+000
  3.3343784e+000  9.8996658e-001
  2.0209441e+000  1.0663664e+000
  1.4957130e+000  4.4250303e+000
  6.7209833e+000  2.5430777e+000
 -3.0485811e+000 -1.4001099e-001
 -1.5001601e+000 -1.5003370e+000
 -2.6754426e+000 -1.0368860e+000
 -4.6733181e-001 -4.1803083e+000
 -1.7988355e+000 -3.9352828e+000
  2.3424480e+000  5.9290734e-001
  9.2183012e-001  1.5574526e+000
  1.9362062e+000  2.5268448e+000
  5.7223716e+000  1.8351242e+000
 -1.0059324e+000 -2.2821944e+000
 -1.3138310e+000 -1.8251354e+000
  3.9201078e+000  1.7328556e+000
  1.3195110e+000  1.1354666e+000
  3.6822193e+000  1.1387104e+000
  4.0912455e+000  1.1726306e+000
 -1.8691524e+000 -8.4325111e-001
 -2.0103991e+000 -1.5271302e+000
 -3.1792334e+000 -2.7586395e+000
  1.3871935e+000  1.7942379e+000
  4.6780974e+000  2.2049917e+000
  3.4338622e+000  2.7550026e+000
  1.8048478e+000  6.0440928e-001
 -3.3657706e+000 -3.1348179e+000
 -8.1822856e-001  9.1998385e-001
  2.3867218e+000  2.1492035e+000
  2.1944393e+000  9.5227472e-001
  3.8822312e+000  1.0605875e+000
  3.4715572e-001 -1.6671131e+000
  3.3272207e-001 -4.6283997e-001
  1.3930509e+000  3.6461506e+000
  3.3501609e+000  1.5947704e+000
  2.0197257e+000  1.8965769e+000
 -4.8125440e+000 -1.6563860e+000
  1.6887381e+000  1.1253407e+000
 -3.8042651e+000 -3.2469507e+000
  4.7522855e+000  1.8957067e+000
 -2.7143856e+000 -1.6912789e-001
 -3.3943233e+000 -2.6689266e+000
 -1.8897330e+000 -3.4049617e-001
  3.3814731e+000  2.6354415e-001
 -2.1740136e+000 -9.0395779e-001
  5.7036939e-002 -2.3323130e+000
  5.3361933e-001  1.3615991e+000
 -8.2936077e-001 -3.8422723e+000
  3.8435781e+000  2.1149001e+000
  3.9903007e+000  3.3300302e+000
  2.7017614e+000  2.3030799e+000
 -1.2503916e+000 -2.8053558e+000
  5.3941288e+000  2.1279514e+000
  4.1532445e+000  2.1082856e+000
 -3.5500950e+000  2.0263391e-001
 -1.0253856e+000 -2.5497816e+000
 -9.6338010e-001 -2.1225830e+000
  6.7913658e+000  3.1710526e+000
  3.9212416e+000  4.9796571e+000
  1.4115610e+000  1.5957378e+000
 -2.4363452e+000 -2.7142026e+000
 -1.2982342e+000 -1.5508714e+000
 -2.6423629e+000 -1.7345481e+000
 -2.2440467e+000 -4.2605287e-002
  8.0695463e-001  1.8330450e+000
  2.3548450e-001 -9.4614703e-001
  5.3489867e+000  1.5415196e+000
  2.0163097e+000  2.1161053e+000
  5.0366761e+000  2.2053329e+000
  1.7180458e+000  2.7641400e+000
  9.0992308e-001  9.1836676e-001
  5.4864840e-001  1.4366680e+000
 -2.1135338e+000 -2.0618623e+000
 -1.8304282e+000 -2.2505712e+000
 -2.4754094e+000 -1.2430028e+000
 -3.1140737e+000 -1.3159998e+000
 -1.0513214e+000 -3.1202612e+000
  4.9871684e+000  1.9028455e+000
 -9.2224950e-001 -1.4729098e+000
  6.1276988e+000  1.8075660e+000
  3.0320728e+000  1.4584810e+000
  4.6753412e-001  9.8520029e-001
 -2.5313255e+000 -9.2854527e-001
 -1.6460325e+000 -1.8264028e+000
 -3.9584854e-001 -1.9270552e+000
 -2.2285483e+000 -1.4840275e+000
  1.5935877e+000  2.0837646e+000
  6.8949069e+000  2.6811998e+000
  6.3764429e+000  9.9516654e-001
  1.3612876e+000  1.2611207e+000
  3.8101432e-001  2.0883663e+000
  1.7731947e+000  1.2553495e+000
  1.5878402e+000  3.7270408e+000
  2.1460840e+000  1.8055261e+000
  1.3565108e+000  1.8975789e+000
  6.1421935e+000  3.4090649e+000
 -1.9174056e+000 -2.5871101e+000
 -2.7335177e+000 -1.6657234e+000
  2.4641280e+000  3.2558962e+000
 -1.9893408e+000 -2.3305339e+000
 -1.5240157e+000 -2.0997736e+000
  8.0934569e-001 -2.1833270e-001
  1.4116091e+000  1.9802367e+000
  2.0582544e+000  1.6787874e+000
 -3.1366047e+000 -9.8017954e-001
  2.4483370e+000  1.0685403e+000
 -1.6217860e+000 -2.5641857e+000
 -5.0673813e-001 -2.4503789e+000
  3.9362734e+000  1.5565297e+000
 -8.0546222e-001 -2.9539049e+000
 -1.2233807e+000 -2.6112704e+000
  2.4785281e+000  3.3664651e+000
  6.3701911e+000  2.2828156e+000
  2.1383483e-001  2.8481471e+000
 -4.2360932e-001 -9.2053825e-001
  9.5128397e-001  8.3988141e-001
  1.6829179e+000  1.5875894e+000
  1.9065498e+000  4.5244943e+000
  1.3228027e+000  1.7787029e+000
  1.9714577e-001 -9.8519054e-001
 -1.7906383e+000 -1.6555601e+000
  5.4850317e+000  1.8601671e+000
  3.4985638e+000  2.1591681e+000
  3.1279935e+000  3.0191266e+000
  2.3710747e+000  1.7544622e+000
  3.6041521e+000  7.9652038e-001
 -1.8024493e+000 -3.7042830e-001
  2.9820471e+000  3.4642691e+000
  4.9313637e+000  1.6376586e+000
 -2.9433952e+000 -2.5336477e-001
 -1.1291555e+000 -2.0342258e+000
 -1.8312662e+000 -1.7671830e+000
  2.2559852e+000  1.9184871e+000
 -3.0597616e+000 -4.3504050e-001
  2.6969413e+000  1.9522485e+000
  1.9056109e+000  2.4665837e+000
  1.0640714e-001  2.4975557e+000
  1.7165623e+000  1.3995725e+000
  6.3226258e+000  1.5180860e+000
 -3.4709873e+000 -3.0520835e+000
  5.8719282e+000  3.7536556e+000
 -9.1357345e-001 -1.7281499e+000
  2.1348629e+000  1.3898373e+000
  6.2850692e+000  2.2692491e+000
  6.0906046e+000  1.8788501e+000
  2.8122727e+000  1.9125975e+000
  4.4254856e+000  2.2410083e+000
  3.7870068e+000  3.2378476e+000
  1.7468276e+000  8.4499472e-001
 -1.9192239e+000 -3.2300380e+000
 -1.9969866e+000 -1.8631775e-003
 -3.0869526e+000 -1.6525912e+000
  1.4685345e+000  1.4096444e+000
  3.6451091e+000  2.7566254e+000
  2.6860532e+000 -1.4435906e-001
  3.9574148e+000  6.3252570e-001
  5.1656745e+000  2.3029318e+000
 -6.5098198e-001 -1.7966044e+000
  1.3515753e+000  1.8924466e+000
  4.7718605e+000  3.3483947e+000
  5.7647867e+000  2.4261971e+000
  3.4174443e+000  3.0159380e+000
 -2.0710799e+000 -1.8612457e+000
  4.7617587e+000  2.2365635e+000
  1.4662430e+000  3.6845064e+000
 -2.2198951e+000 -1.7914836e+000
 -2.8489151e+000 -1.3796552e+000
  2.3672679e+000  1.7120796e+000
  5.9867583e+000  1.3948957e+000
  2.3731646e+000  2.2737588e+000
 -3.4500283e-001 -1.0150511e+000
  4.5725788e+000  9.6678586e-001
 -7.9462009e-001 -1.4362939e+000
 -1.0870273e+000 -2.7120998e+000
  6.1091352e+000  1.8317846e+000
  6.5247928e+000  1.5720001e+000
  1.8568328e+000  3.0546095e+000
  3.3857675e+000  2.0579200e+000
  4.3090913e+000  1.0599027e+000
  2.7976906e+000  1.6118956e+000
  9.8468066e-001  8.2485287e-001
  2.0951048e+000  3.5262519e+000
  1.4705935e+000  2.0426413e+000
 -1.2066676e+000 -2.7317485e+000
 -2.1810573e+000 -1.4326584e+000
 -1.5013585e+000 -3.7969469e+000
 -9.0240423e-001 -2.9271868e+000
 -1.4107352e+000  5.4216124e-001
  5.6593745e+000  2.3598641e+000
  1.8757963e+000  3.9933062e+000
 -2.7643405e+000 -1.9001358e+000
 -4.5242875e-001 -3.0142677e+000
  5.7414659e+000  8.2205831e-001
 -6.3947283e-001 -1.5895435e+000
 -1.3517738e+000 -3.1239046e+000
  5.5516735e+000  1.3360673e+000
  4.5480366e+000  1.7761560e+000
  5.5092046e-001  2.0090901e+000
  6.9204582e-001 -1.3685168e-001
  4.4945041e+000  2.8313665e+000
  1.7076157e+000  1.7411168e+000
 -1.3679889e+000 -2.2613889e+000
 -2.8155385e+000 -1.8055416e+000
  1.7188577e+000  1.7197992e+000
 -7.6198248e-001 -1.1192018e+000
 -1.4215556e+000 -3.0070137e+000
 -2.1506593e+000 -3.1469445e+000
  1.2773576e+000  2.2354198e+000
  6.4183486e+000  1.8236143e+000
  2.1842076e+000  2.7480520e+000
  1.0517238e+000  1.1267091e+000
 -3.8862786e+000 -1.8329859e+000
  1.3661725e+000  2.0188195e+000
 -6.1350648e-001 -1.8064261e+000
 -3.0163480e+000 -1.4958728e+000
  5.2082294e+000  2.1625844e+000
 -1.1489809e+000 -1.3125590e+000
  2.6265029e+000  2.2664752e+000
 -2.4504218e+000 -2.6417606e+000
  2.1918362e+000  2.7813659e+000
  5.5074497e+000  1.8675642e+000
 -3.3148517e+000 -1.9280803e+000
  6.9778631e-001  2.0845591e+000
 -3.0735504e+000 -1.2500807e-001
 -1.1070089e+000 -1.7435496e+000
 -3.0526567e+000 -3.0315243e+000
  6.7172691e-001  1.7344593e+000
 -2.3495940e+000 -7.0244802e-001
 -4.2230595e-001 -2.1777268e+000
 -2.3696623e+000 -1.7630110e+000
  2.7887581e+000  1.6798587e+000
  1.4600682e+000  1.2948197e+000
  2.2649066e+000  8.9948441e-001
  6.3058790e+000  2.8720231e+000
  2.8612655e+000  1.3363083e+000
  9.3227459e-001  1.6306670e+000
  4.5331752e+000  7.3120863e-001
  1.5090651e+000  3.2441314e-001
 -1.9034473e+000 -3.1573942e+000
 -1.7112344e+000 -1.6559796e+000
 -2.7548956e+000 -2.4806526e+000
  2.2868087e+000  1.0550948e+000
  2.2058127e+000  3.1753971e+000
  4.6964419e+000  2.2922823e+000
 -9.3843916e-001 -3.6945939e+000
  7.0808627e+000  2.2914963e+000
 -2.8998841e+000 -9.1380939e-001
  5.1144511e+000  1.1829718e+000
 -9.4771705e-001 -4.6716508e+000
 -2.5958828e+000 -1.7414380e+000
  4.0475916e+000  9.3731213e-001
  3.3245327e+000  3.3422452e+000
  9.8044462e-001  3.1364323e+000
  2.9003546e+000  2.3635261e+000
  2.3149486e+000  1.4235194e+000
 -7.4066825e-001 -1.9196271e+000
  3.1188524e+000  2.1831403e+000
  7.1230917e+000  1.9266088e+000
  1.9542363e+000  1.8264020e+000
  1.8156831e+000  1.6092336e+000
  6.0196614e+000  2.0684907e+000
  3.2778211e+000  2.2195995e+000
  2.3411553e+000  2.3366661e+000
  1.4926852e+000  2.2507524e+000
 -2.3998626e+000 -2.7719268e+000
 -9.5427980e-001 -3.2626489e+000
  2.7522260e+000  1.2908518e+000
 -1.7866901e+000 -1.6955840e+000
 -3.3212024e+000 -2.1657414e+000
  7.3848199e+000  1.6453165e+000
  2.3877547e+000  1.6160681e+000
  2.4822918e+000  8.1001424e-001
 -2.3078365e+000 -1.2438551e+000
  5.3293388e+000  1.6643892e+000
  3.0456603e+000  3.6358421e-001
  1.8028589e+000  2.2714779e+000
  9.8248180e-001 -1.3175918e+000
 -2.5585334e+000 -3.2091536e+000
  4.8121121e+000  1.0337601e+000
 -4.2572686e-001 -1.5003443e+000
  6.5454090e+000  1.4675848e+000
 -2.5995406e+000 -1.9128371e+000
 -7.3765663e-002 -3.1953191e+000
  4.8040641e+000  1.4223537e+000
 -5.3453282e-001 -2.4928965e+000
 -2.4192276e+000 -1.7158563e+000
  3.0300140e+000  1.5131973e+000
 -2.0336752e+000 -2.9546057e+000
  2.0770733e+000  3.3012885e+000
  5.0824112e+000  1.0721787e+000
 -1.5247036e+000 -1.6504410e+000
  2.0581422e+000  2.2831168e+000
  5.0446735e+000  7.9606507e-001
  3.0624575e+000  2.5366769e+000
 -1.4414353e+000 -1.4176295e+000
  5.8211529e-001  1.4722825e+000
 -4.3263040e+000 -1.1364949e+000
  2.5084386e+000  2.2320530e+000
  9.5348745e-001  2.1949653e+000
 -1.0501513e-001 -2.1691323e+000
 -7.8958845e-001 -1.5210375e+000
 -2.0493795e+000 -1.1959676e+000
 -1.0286796e+000 -2.8167753e+000
 -1.3443309e+000 -8.2027803e-001
  3.2958659e+000  8.5605160e-001
